 0.000000E+00  1.303843E+05  1.193609E+05  1.102341E+04
 1.000000E+00  1.193672E+05  1.193672E+05  0.000000E+00
 2.000000E+00  1.194005E+05  1.194005E+05  0.000000E+00
 3.000000E+00  1.194646E+05  1.194646E+05  0.000000E+00
 4.000000E+00  1.195163E+05  1.195163E+05  0.000000E+00
 5.000000E+00  1.194790E+05  1.194790E+05  0.000000E+00
 6.000000E+00  1.194883E+05  1.194883E+05  0.000000E+00
 7.000000E+00  1.194964E+05  1.194964E+05  0.000000E+00
 8.000000E+00  1.195193E+05  1.195193E+05  0.000000E+00
 9.000000E+00  1.194924E+05  1.194924E+05  0.000000E+00
 1.000000E+01  1.194116E+05  1.194116E+05  0.000000E+00
 1.100000E+01  1.194231E+05  1.194231E+05  0.000000E+00
 1.200000E+01  1.194940E+05  1.194940E+05  0.000000E+00
 1.300000E+01  1.194713E+05  1.194713E+05  0.000000E+00
 1.400000E+01  1.195081E+05  1.195081E+05  0.000000E+00
 1.500000E+01  1.194958E+05  1.194958E+05  0.000000E+00
 1.600000E+01  1.194377E+05  1.194377E+05  0.000000E+00
 1.700000E+01  1.195473E+05  1.195473E+05  0.000000E+00
 1.800000E+01  1.196228E+05  1.196228E+05  0.000000E+00
 1.900000E+01  1.195847E+05  1.195847E+05  0.000000E+00
 2.000000E+01  1.195407E+05  1.195407E+05  0.000000E+00
 2.100000E+01  1.194860E+05  1.194860E+05  0.000000E+00
 2.200000E+01  1.195505E+05  1.195505E+05  0.000000E+00
 2.300000E+01  1.195556E+05  1.195556E+05  0.000000E+00
 2.400000E+01  1.195908E+05  1.195908E+05  0.000000E+00
 2.500000E+01  1.195689E+05  1.195689E+05  0.000000E+00
 2.600000E+01  1.196354E+05  1.196354E+05  0.000000E+00
 2.700000E+01  1.196593E+05  1.196593E+05  0.000000E+00
 2.800000E+01  1.195948E+05  1.195948E+05  0.000000E+00
 2.900000E+01  1.195945E+05  1.195945E+05  0.000000E+00
 3.000000E+01  1.196189E+05  1.196189E+05  0.000000E+00
 3.100000E+01  1.195314E+05  1.195314E+05  0.000000E+00
 3.200000E+01  1.195671E+05  1.195671E+05  0.000000E+00
 3.300000E+01  1.195697E+05  1.195697E+05  0.000000E+00
 3.400000E+01  1.195802E+05  1.195802E+05  0.000000E+00
 3.500000E+01  1.195958E+05  1.195958E+05  0.000000E+00
 3.600000E+01  1.195621E+05  1.195621E+05  0.000000E+00
 3.700000E+01  1.196518E+05  1.196518E+05  0.000000E+00
 3.800000E+01  1.196415E+05  1.196415E+05  0.000000E+00
 3.900000E+01  1.196575E+05  1.196575E+05  0.000000E+00
 4.000000E+01  1.196157E+05  1.196157E+05  0.000000E+00
 4.100000E+01  1.196038E+05  1.196038E+05  0.000000E+00
 4.200000E+01  1.195464E+05  1.195464E+05  0.000000E+00
 4.300000E+01  1.195015E+05  1.195015E+05  0.000000E+00
 4.400000E+01  1.195375E+05  1.195375E+05  0.000000E+00
 4.500000E+01  1.195444E+05  1.195444E+05  0.000000E+00
 4.600000E+01  1.195146E+05  1.195146E+05  0.000000E+00
 4.700000E+01  1.194969E+05  1.194969E+05  0.000000E+00
 4.800000E+01  1.194879E+05  1.194879E+05  0.000000E+00
 4.900000E+01  1.194599E+05  1.194599E+05  0.000000E+00
 5.000000E+01  1.195141E+05  1.195141E+05  0.000000E+00
 5.100000E+01  1.195981E+05  1.195981E+05  0.000000E+00
 5.200000E+01  1.196599E+05  1.196599E+05  0.000000E+00
 5.300000E+01  1.196787E+05  1.196787E+05  0.000000E+00
 5.400000E+01  1.197257E+05  1.197257E+05  0.000000E+00
 5.500000E+01  1.197634E+05  1.197634E+05  0.000000E+00
 5.600000E+01  1.197482E+05  1.197482E+05  0.000000E+00
 5.700000E+01  1.197825E+05  1.197825E+05  0.000000E+00
 5.800000E+01  1.197877E+05  1.197877E+05  0.000000E+00
 5.900000E+01  1.196614E+05  1.196614E+05  0.000000E+00
 6.000000E+01  1.196151E+05  1.196151E+05  0.000000E+00
 6.100000E+01  1.196311E+05  1.196311E+05  0.000000E+00
 6.200000E+01  1.196269E+05  1.196269E+05  0.000000E+00
 6.300000E+01  1.196344E+05  1.196344E+05  0.000000E+00
 6.400000E+01  1.196829E+05  1.196829E+05  0.000000E+00
 6.500000E+01  1.196698E+05  1.196698E+05  0.000000E+00
 6.600000E+01  1.196723E+05  1.196723E+05  0.000000E+00
 6.700000E+01  1.196838E+05  1.196838E+05  0.000000E+00
 6.800000E+01  1.196205E+05  1.196205E+05  0.000000E+00
 6.900000E+01  1.197183E+05  1.197183E+05  0.000000E+00
 7.000000E+01  1.198065E+05  1.198065E+05  0.000000E+00
 7.100000E+01  1.198018E+05  1.198018E+05  0.000000E+00
 7.200000E+01  1.198007E+05  1.198007E+05  0.000000E+00
 7.300000E+01  1.197797E+05  1.197797E+05  0.000000E+00
 7.400000E+01  1.198108E+05  1.198108E+05  0.000000E+00
 7.500000E+01  1.198673E+05  1.198673E+05  0.000000E+00
 7.600000E+01  1.199057E+05  1.199057E+05  0.000000E+00
 7.700000E+01  1.198941E+05  1.198941E+05  0.000000E+00
 7.800000E+01  1.198940E+05  1.198940E+05  0.000000E+00
 7.900000E+01  1.199201E+05  1.199201E+05  0.000000E+00
 8.000000E+01  1.199165E+05  1.199165E+05  0.000000E+00
 8.100000E+01  1.198814E+05  1.198814E+05  0.000000E+00
 8.200000E+01  1.197937E+05  1.197937E+05  0.000000E+00
 8.300000E+01  1.197853E+05  1.197853E+05  0.000000E+00
 8.400000E+01  1.197596E+05  1.197596E+05  0.000000E+00
 8.500000E+01  1.197190E+05  1.197190E+05  0.000000E+00
 8.600000E+01  1.195707E+05  1.195707E+05  0.000000E+00
 8.700000E+01  1.196344E+05  1.196344E+05  0.000000E+00
 8.800000E+01  1.197006E+05  1.197006E+05  0.000000E+00
 8.900000E+01  1.196807E+05  1.196807E+05  0.000000E+00
 9.000000E+01  1.196508E+05  1.196508E+05  0.000000E+00
 9.100000E+01  1.196727E+05  1.196727E+05  0.000000E+00
 9.200000E+01  1.197439E+05  1.197439E+05  0.000000E+00
 9.300000E+01  1.198009E+05  1.198009E+05  0.000000E+00
 9.400000E+01  1.197991E+05  1.197991E+05  0.000000E+00
 9.500000E+01  1.198127E+05  1.198127E+05  0.000000E+00
 9.600000E+01  1.198255E+05  1.198255E+05  0.000000E+00
 9.700000E+01  1.197707E+05  1.197707E+05  0.000000E+00
 9.800000E+01  1.197476E+05  1.197476E+05  0.000000E+00
 9.900000E+01  1.197467E+05  1.197467E+05  0.000000E+00
 1.000000E+02  1.197107E+05  1.197107E+05  0.000000E+00
 1.010000E+02  1.197165E+05  1.197165E+05  0.000000E+00
 1.020000E+02  1.197357E+05  1.197357E+05  0.000000E+00
 1.030000E+02  1.196924E+05  1.196924E+05  0.000000E+00
 1.040000E+02  1.197451E+05  1.197451E+05  0.000000E+00
 1.050000E+02  1.197655E+05  1.197655E+05  0.000000E+00
 1.060000E+02  1.197410E+05  1.197410E+05  0.000000E+00
 1.070000E+02  1.197873E+05  1.197873E+05  0.000000E+00
 1.080000E+02  1.197574E+05  1.197574E+05  0.000000E+00
 1.090000E+02  1.198046E+05  1.198046E+05  0.000000E+00
 1.100000E+02  1.198325E+05  1.198325E+05  0.000000E+00
 1.110000E+02  1.197718E+05  1.197718E+05  0.000000E+00
 1.120000E+02  1.197135E+05  1.197135E+05  0.000000E+00
 1.130000E+02  1.197823E+05  1.197823E+05  0.000000E+00
 1.140000E+02  1.198653E+05  1.198653E+05  0.000000E+00
 1.150000E+02  1.198913E+05  1.198913E+05  0.000000E+00
 1.160000E+02  1.199363E+05  1.199363E+05  0.000000E+00
 1.170000E+02  1.199691E+05  1.199691E+05  0.000000E+00
 1.180000E+02  1.200019E+05  1.200019E+05  0.000000E+00
 1.190000E+02  1.199176E+05  1.199176E+05  0.000000E+00
 1.200000E+02  1.198767E+05  1.198767E+05  0.000000E+00
 1.210000E+02  1.197508E+05  1.197508E+05  0.000000E+00
 1.220000E+02  1.197273E+05  1.197273E+05  0.000000E+00
 1.230000E+02  1.198142E+05  1.198142E+05  0.000000E+00
 1.240000E+02  1.198652E+05  1.198652E+05  0.000000E+00
 1.250000E+02  1.198873E+05  1.198873E+05  0.000000E+00
 1.260000E+02  1.199144E+05  1.199144E+05  0.000000E+00
 1.270000E+02  1.199380E+05  1.199380E+05  0.000000E+00
 1.280000E+02  1.199210E+05  1.199210E+05  0.000000E+00
 1.290000E+02  1.199349E+05  1.199349E+05  0.000000E+00
 1.300000E+02  1.199690E+05  1.199690E+05  0.000000E+00
 1.310000E+02  1.199502E+05  1.199502E+05  0.000000E+00
 1.320000E+02  1.198910E+05  1.198910E+05  0.000000E+00
 1.330000E+02  1.197812E+05  1.197812E+05  0.000000E+00
 1.340000E+02  1.198336E+05  1.198336E+05  0.000000E+00
 1.350000E+02  1.198848E+05  1.198848E+05  0.000000E+00
 1.360000E+02  1.198711E+05  1.198711E+05  0.000000E+00
 1.370000E+02  1.198518E+05  1.198518E+05  0.000000E+00
 1.380000E+02  1.199702E+05  1.199702E+05  0.000000E+00
 1.390000E+02  1.201096E+05  1.201096E+05  0.000000E+00
 1.400000E+02  1.201463E+05  1.201463E+05  0.000000E+00
 1.410000E+02  1.200580E+05  1.200580E+05  0.000000E+00
 1.420000E+02  1.201878E+05  1.201878E+05  0.000000E+00
 1.430000E+02  1.201770E+05  1.201770E+05  0.000000E+00
 1.440000E+02  1.201667E+05  1.201667E+05  0.000000E+00
 1.450000E+02  1.201549E+05  1.201549E+05  0.000000E+00
 1.460000E+02  1.201450E+05  1.201450E+05  0.000000E+00
 1.470000E+02  1.201104E+05  1.201104E+05  0.000000E+00
 1.480000E+02  1.201411E+05  1.201411E+05  0.000000E+00
 1.490000E+02  1.201518E+05  1.201518E+05  0.000000E+00
 1.500000E+02  1.200774E+05  1.200774E+05  0.000000E+00
 1.510000E+02  1.200213E+05  1.200213E+05  0.000000E+00
 1.520000E+02  1.200107E+05  1.200107E+05  0.000000E+00
 1.530000E+02  1.201107E+05  1.201107E+05  0.000000E+00
 1.540000E+02  1.201016E+05  1.201016E+05  0.000000E+00
 1.550000E+02  1.201499E+05  1.201499E+05  0.000000E+00
 1.560000E+02  1.201438E+05  1.201438E+05  0.000000E+00
 1.570000E+02  1.201291E+05  1.201291E+05  0.000000E+00
 1.580000E+02  1.201760E+05  1.201760E+05  0.000000E+00
 1.590000E+02  1.201713E+05  1.201713E+05  0.000000E+00
 1.600000E+02  1.201950E+05  1.201950E+05  0.000000E+00
 1.610000E+02  1.202247E+05  1.202247E+05  0.000000E+00
 1.620000E+02  1.201851E+05  1.201851E+05  0.000000E+00
 1.630000E+02  1.201444E+05  1.201444E+05  0.000000E+00
 1.640000E+02  1.201015E+05  1.201015E+05  0.000000E+00
 1.650000E+02  1.200981E+05  1.200981E+05  0.000000E+00
 1.660000E+02  1.200329E+05  1.200329E+05  0.000000E+00
 1.670000E+02  1.200148E+05  1.200148E+05  0.000000E+00
 1.680000E+02  1.199109E+05  1.199109E+05  0.000000E+00
 1.690000E+02  1.198597E+05  1.198597E+05  0.000000E+00
 1.700000E+02  1.199782E+05  1.199782E+05  0.000000E+00
 1.710000E+02  1.200590E+05  1.200590E+05  0.000000E+00
 1.720000E+02  1.200624E+05  1.200624E+05  0.000000E+00
 1.730000E+02  1.201005E+05  1.201005E+05  0.000000E+00
 1.740000E+02  1.201498E+05  1.201498E+05  0.000000E+00
 1.750000E+02  1.201460E+05  1.201460E+05  0.000000E+00
 1.760000E+02  1.201633E+05  1.201633E+05  0.000000E+00
 1.770000E+02  1.201163E+05  1.201163E+05  0.000000E+00
 1.780000E+02  1.201992E+05  1.201992E+05  0.000000E+00
 1.790000E+02  1.201771E+05  1.201771E+05  0.000000E+00
 1.800000E+02  1.202139E+05  1.202139E+05  0.000000E+00
 1.810000E+02  1.201724E+05  1.201724E+05  0.000000E+00
 1.820000E+02  1.200976E+05  1.200976E+05  0.000000E+00
 1.830000E+02  1.201377E+05  1.201377E+05  0.000000E+00
 1.840000E+02  1.202252E+05  1.202252E+05  0.000000E+00
 1.850000E+02  1.202899E+05  1.202899E+05  0.000000E+00
 1.860000E+02  1.202982E+05  1.202982E+05  0.000000E+00
 1.870000E+02  1.202406E+05  1.202406E+05  0.000000E+00
 1.880000E+02  1.202273E+05  1.202273E+05  0.000000E+00
 1.890000E+02  1.202656E+05  1.202656E+05  0.000000E+00
 1.900000E+02  1.203198E+05  1.203198E+05  0.000000E+00
 1.910000E+02  1.202817E+05  1.202817E+05  0.000000E+00
 1.920000E+02  1.202855E+05  1.202855E+05  0.000000E+00
 1.930000E+02  1.202978E+05  1.202978E+05  0.000000E+00
 1.940000E+02  1.203068E+05  1.203068E+05  0.000000E+00
 1.950000E+02  1.203537E+05  1.203537E+05  0.000000E+00
 1.960000E+02  1.203159E+05  1.203159E+05  0.000000E+00
 1.970000E+02  1.203154E+05  1.203154E+05  0.000000E+00
 1.980000E+02  1.203516E+05  1.203516E+05  0.000000E+00
 1.990000E+02  1.203848E+05  1.203848E+05  0.000000E+00
 2.000000E+02  1.203456E+05  1.203456E+05  0.000000E+00
 2.010000E+02  1.203032E+05  1.203032E+05  0.000000E+00
 2.020000E+02  1.202523E+05  1.202523E+05  0.000000E+00
 2.030000E+02  1.202994E+05  1.202994E+05  0.000000E+00
 2.040000E+02  1.203765E+05  1.203765E+05  0.000000E+00
 2.050000E+02  1.203992E+05  1.203992E+05  0.000000E+00
 2.060000E+02  1.203252E+05  1.203252E+05  0.000000E+00
 2.070000E+02  1.202561E+05  1.202561E+05  0.000000E+00
 2.080000E+02  1.201402E+05  1.201402E+05  0.000000E+00
 2.090000E+02  1.202495E+05  1.202495E+05  0.000000E+00
 2.100000E+02  1.202778E+05  1.202778E+05  0.000000E+00
 2.110000E+02  1.203201E+05  1.203201E+05  0.000000E+00
 2.120000E+02  1.203490E+05  1.203490E+05  0.000000E+00
 2.130000E+02  1.203570E+05  1.203570E+05  0.000000E+00
 2.140000E+02  1.203194E+05  1.203194E+05  0.000000E+00
 2.150000E+02  1.202122E+05  1.202122E+05  0.000000E+00
 2.160000E+02  1.202638E+05  1.202638E+05  0.000000E+00
 2.170000E+02  1.202308E+05  1.202308E+05  0.000000E+00
 2.180000E+02  1.202885E+05  1.202885E+05  0.000000E+00
 2.190000E+02  1.203789E+05  1.203789E+05  0.000000E+00
 2.200000E+02  1.204235E+05  1.204235E+05  0.000000E+00
 2.210000E+02  1.204284E+05  1.204284E+05  0.000000E+00
 2.220000E+02  1.203904E+05  1.203904E+05  0.000000E+00
 2.230000E+02  1.203864E+05  1.203864E+05  0.000000E+00
 2.240000E+02  1.202521E+05  1.202521E+05  0.000000E+00
 2.250000E+02  1.201240E+05  1.201240E+05  0.000000E+00
 2.260000E+02  1.201970E+05  1.201970E+05  0.000000E+00
 2.270000E+02  1.202690E+05  1.202690E+05  0.000000E+00
 2.280000E+02  1.202989E+05  1.202989E+05  0.000000E+00
 2.290000E+02  1.202627E+05  1.202627E+05  0.000000E+00
 2.300000E+02  1.202682E+05  1.202682E+05  0.000000E+00
 2.310000E+02  1.203247E+05  1.203247E+05  0.000000E+00
 2.320000E+02  1.203746E+05  1.203746E+05  0.000000E+00
 2.330000E+02  1.203974E+05  1.203974E+05  0.000000E+00
 2.340000E+02  1.204043E+05  1.204043E+05  0.000000E+00
 2.350000E+02  1.204246E+05  1.204246E+05  0.000000E+00
 2.360000E+02  1.204256E+05  1.204256E+05  0.000000E+00
 2.370000E+02  1.203794E+05  1.203794E+05  0.000000E+00
 2.380000E+02  1.204841E+05  1.204841E+05  0.000000E+00
 2.390000E+02  1.205514E+05  1.205514E+05  0.000000E+00
 2.400000E+02  1.205340E+05  1.205340E+05  0.000000E+00
 2.410000E+02  1.204421E+05  1.204421E+05  0.000000E+00
 2.420000E+02  1.202944E+05  1.202944E+05  0.000000E+00
 2.430000E+02  1.201708E+05  1.201708E+05  0.000000E+00
 2.440000E+02  1.202387E+05  1.202387E+05  0.000000E+00
 2.450000E+02  1.203201E+05  1.203201E+05  0.000000E+00
 2.460000E+02  1.203341E+05  1.203341E+05  0.000000E+00
 2.470000E+02  1.203544E+05  1.203544E+05  0.000000E+00
 2.480000E+02  1.202823E+05  1.202823E+05  0.000000E+00
 2.490000E+02  1.202624E+05  1.202624E+05  0.000000E+00
 2.500000E+02  1.203124E+05  1.203124E+05  0.000000E+00
 2.510000E+02  1.203542E+05  1.203542E+05  0.000000E+00
 2.520000E+02  1.204395E+05  1.204395E+05  0.000000E+00
 2.530000E+02  1.204373E+05  1.204373E+05  0.000000E+00
 2.540000E+02  1.203586E+05  1.203586E+05  0.000000E+00
 2.550000E+02  1.204268E+05  1.204268E+05  0.000000E+00
 2.560000E+02  1.205096E+05  1.205096E+05  0.000000E+00
 2.570000E+02  1.204645E+05  1.204645E+05  0.000000E+00
 2.580000E+02  1.204435E+05  1.204435E+05  0.000000E+00
 2.590000E+02  1.205006E+05  1.205006E+05  0.000000E+00
 2.600000E+02  1.205263E+05  1.205263E+05  0.000000E+00
 2.610000E+02  1.204497E+05  1.204497E+05  0.000000E+00
 2.620000E+02  1.204735E+05  1.204735E+05  0.000000E+00
 2.630000E+02  1.205704E+05  1.205704E+05  0.000000E+00
 2.640000E+02  1.206118E+05  1.206118E+05  0.000000E+00
 2.650000E+02  1.206105E+05  1.206105E+05  0.000000E+00
 2.660000E+02  1.206171E+05  1.206171E+05  0.000000E+00
 2.670000E+02  1.205569E+05  1.205569E+05  0.000000E+00
 2.680000E+02  1.204672E+05  1.204672E+05  0.000000E+00
 2.690000E+02  1.204186E+05  1.204186E+05  0.000000E+00
 2.700000E+02  1.204324E+05  1.204324E+05  0.000000E+00
 2.710000E+02  1.203776E+05  1.203776E+05  0.000000E+00
 2.720000E+02  1.203662E+05  1.203662E+05  0.000000E+00
 2.730000E+02  1.203715E+05  1.203715E+05  0.000000E+00
 2.740000E+02  1.204603E+05  1.204603E+05  0.000000E+00
 2.750000E+02  1.205534E+05  1.205534E+05  0.000000E+00
 2.760000E+02  1.205662E+05  1.205662E+05  0.000000E+00
 2.770000E+02  1.205841E+05  1.205841E+05  0.000000E+00
 2.780000E+02  1.205968E+05  1.205968E+05  0.000000E+00
 2.790000E+02  1.205499E+05  1.205499E+05  0.000000E+00
 2.800000E+02  1.205072E+05  1.205072E+05  0.000000E+00
 2.810000E+02  1.205308E+05  1.205308E+05  0.000000E+00
 2.820000E+02  1.206009E+05  1.206009E+05  0.000000E+00
 2.830000E+02  1.206637E+05  1.206637E+05  0.000000E+00
 2.840000E+02  1.206732E+05  1.206732E+05  0.000000E+00
 2.850000E+02  1.206406E+05  1.206406E+05  0.000000E+00
 2.860000E+02  1.205927E+05  1.205927E+05  0.000000E+00
 2.870000E+02  1.205456E+05  1.205456E+05  0.000000E+00
 2.880000E+02  1.204780E+05  1.204780E+05  0.000000E+00
 2.890000E+02  1.206418E+05  1.206418E+05  0.000000E+00
 2.900000E+02  1.206778E+05  1.206778E+05  0.000000E+00
 2.910000E+02  1.205570E+05  1.205570E+05  0.000000E+00
 2.920000E+02  1.205211E+05  1.205211E+05  0.000000E+00
 2.930000E+02  1.205396E+05  1.205396E+05  0.000000E+00
 2.940000E+02  1.205958E+05  1.205958E+05  0.000000E+00
 2.950000E+02  1.206085E+05  1.206085E+05  0.000000E+00
 2.960000E+02  1.205784E+05  1.205784E+05  0.000000E+00
 2.970000E+02  1.206666E+05  1.206666E+05  0.000000E+00
 2.980000E+02  1.207101E+05  1.207101E+05  0.000000E+00
 2.990000E+02  1.207341E+05  1.207341E+05  0.000000E+00
 3.000000E+02  1.207294E+05  1.207294E+05  0.000000E+00
 3.010000E+02  1.207849E+05  1.207849E+05  0.000000E+00
 3.020000E+02  1.208184E+05  1.208184E+05  0.000000E+00
 3.030000E+02  1.207741E+05  1.207741E+05  0.000000E+00
 3.040000E+02  1.207356E+05  1.207356E+05  0.000000E+00
 3.050000E+02  1.207698E+05  1.207698E+05  0.000000E+00
 3.060000E+02  1.207835E+05  1.207835E+05  0.000000E+00
 3.070000E+02  1.208225E+05  1.208225E+05  0.000000E+00
 3.080000E+02  1.207870E+05  1.207870E+05  0.000000E+00
 3.090000E+02  1.207103E+05  1.207103E+05  0.000000E+00
 3.100000E+02  1.207351E+05  1.207351E+05  0.000000E+00
 3.110000E+02  1.208547E+05  1.208547E+05  0.000000E+00
 3.120000E+02  1.208463E+05  1.208463E+05  0.000000E+00
 3.130000E+02  1.208293E+05  1.208293E+05  0.000000E+00
 3.140000E+02  1.208101E+05  1.208101E+05  0.000000E+00
 3.150000E+02  1.208283E+05  1.208283E+05  0.000000E+00
 3.160000E+02  1.207315E+05  1.207315E+05  0.000000E+00
 3.170000E+02  1.206779E+05  1.206779E+05  0.000000E+00
 3.180000E+02  1.207601E+05  1.207601E+05  0.000000E+00
 3.190000E+02  1.207933E+05  1.207933E+05  0.000000E+00
 3.200000E+02  1.207876E+05  1.207876E+05  0.000000E+00
 3.210000E+02  1.207666E+05  1.207666E+05  0.000000E+00
 3.220000E+02  1.207205E+05  1.207205E+05  0.000000E+00
 3.230000E+02  1.206892E+05  1.206892E+05  0.000000E+00
 3.240000E+02  1.206743E+05  1.206743E+05  0.000000E+00
 3.250000E+02  1.207080E+05  1.207080E+05  0.000000E+00
 3.260000E+02  1.206871E+05  1.206871E+05  0.000000E+00
 3.270000E+02  1.206351E+05  1.206351E+05  0.000000E+00
 3.280000E+02  1.206383E+05  1.206383E+05  0.000000E+00
 3.290000E+02  1.206828E+05  1.206828E+05  0.000000E+00
 3.300000E+02  1.207044E+05  1.207044E+05  0.000000E+00
 3.310000E+02  1.207203E+05  1.207203E+05  0.000000E+00
 3.320000E+02  1.207118E+05  1.207118E+05  0.000000E+00
 3.330000E+02  1.207014E+05  1.207014E+05  0.000000E+00
 3.340000E+02  1.206624E+05  1.206624E+05  0.000000E+00
 3.350000E+02  1.206495E+05  1.206495E+05  0.000000E+00
 3.360000E+02  1.207080E+05  1.207080E+05  0.000000E+00
 3.370000E+02  1.207151E+05  1.207151E+05  0.000000E+00
 3.380000E+02  1.207522E+05  1.207522E+05  0.000000E+00
 3.390000E+02  1.208286E+05  1.208286E+05  0.000000E+00
 3.400000E+02  1.209140E+05  1.209140E+05  0.000000E+00
 3.410000E+02  1.209413E+05  1.209413E+05  0.000000E+00
 3.420000E+02  1.209386E+05  1.209386E+05  0.000000E+00
 3.430000E+02  1.209558E+05  1.209558E+05  0.000000E+00
 3.440000E+02  1.209744E+05  1.209744E+05  0.000000E+00
 3.450000E+02  1.209612E+05  1.209612E+05  0.000000E+00
 3.460000E+02  1.208584E+05  1.208584E+05  0.000000E+00
 3.470000E+02  1.208816E+05  1.208816E+05  0.000000E+00
 3.480000E+02  1.209271E+05  1.209271E+05  0.000000E+00
 3.490000E+02  1.209069E+05  1.209069E+05  0.000000E+00
 3.500000E+02  1.208962E+05  1.208962E+05  0.000000E+00
 3.510000E+02  1.209452E+05  1.209452E+05  0.000000E+00
 3.520000E+02  1.210286E+05  1.210286E+05  0.000000E+00
 3.530000E+02  1.210714E+05  1.210714E+05  0.000000E+00
 3.540000E+02  1.210924E+05  1.210924E+05  0.000000E+00
 3.550000E+02  1.210571E+05  1.210571E+05  0.000000E+00
 3.560000E+02  1.209604E+05  1.209604E+05  0.000000E+00
 3.570000E+02  1.209931E+05  1.209931E+05  0.000000E+00
 3.580000E+02  1.210222E+05  1.210222E+05  0.000000E+00
 3.590000E+02  1.209362E+05  1.209362E+05  0.000000E+00
 3.600000E+02  1.208832E+05  1.208832E+05  0.000000E+00
 3.610000E+02  1.208078E+05  1.208078E+05  0.000000E+00
 3.620000E+02  1.208147E+05  1.208147E+05  0.000000E+00
 3.630000E+02  1.208432E+05  1.208432E+05  0.000000E+00
 3.640000E+02  1.209009E+05  1.209009E+05  0.000000E+00
 3.650000E+02  1.209148E+05  1.209148E+05  0.000000E+00
 3.660000E+02  1.209858E+05  1.209858E+05  0.000000E+00
 3.670000E+02  1.210714E+05  1.210714E+05  0.000000E+00
 3.680000E+02  1.211235E+05  1.211235E+05  0.000000E+00
 3.690000E+02  1.211895E+05  1.211895E+05  0.000000E+00
 3.700000E+02  1.212109E+05  1.212109E+05  0.000000E+00
 3.710000E+02  1.211981E+05  1.211981E+05  0.000000E+00
 3.720000E+02  1.211393E+05  1.211393E+05  0.000000E+00
 3.730000E+02  1.211354E+05  1.211354E+05  0.000000E+00
 3.740000E+02  1.211622E+05  1.211622E+05  0.000000E+00
 3.750000E+02  1.211732E+05  1.211732E+05  0.000000E+00
 3.760000E+02  1.211468E+05  1.211468E+05  0.000000E+00
 3.770000E+02  1.210429E+05  1.210429E+05  0.000000E+00
 3.780000E+02  1.211475E+05  1.211475E+05  0.000000E+00
 3.790000E+02  1.211231E+05  1.211231E+05  0.000000E+00
 3.800000E+02  1.210929E+05  1.210929E+05  0.000000E+00
 3.810000E+02  1.210546E+05  1.210546E+05  0.000000E+00
 3.820000E+02  1.210995E+05  1.210995E+05  0.000000E+00
 3.830000E+02  1.210284E+05  1.210284E+05  0.000000E+00
 3.840000E+02  1.210873E+05  1.210873E+05  0.000000E+00
 3.850000E+02  1.211293E+05  1.211293E+05  0.000000E+00
 3.860000E+02  1.211640E+05  1.211640E+05  0.000000E+00
 3.870000E+02  1.211935E+05  1.211935E+05  0.000000E+00
 3.880000E+02  1.211764E+05  1.211764E+05  0.000000E+00
 3.890000E+02  1.210900E+05  1.210900E+05  0.000000E+00
 3.900000E+02  1.210571E+05  1.210571E+05  0.000000E+00
 3.910000E+02  1.210993E+05  1.210993E+05  0.000000E+00
 3.920000E+02  1.210708E+05  1.210708E+05  0.000000E+00
 3.930000E+02  1.209906E+05  1.209906E+05  0.000000E+00
 3.940000E+02  1.211043E+05  1.211043E+05  0.000000E+00
 3.950000E+02  1.211534E+05  1.211534E+05  0.000000E+00
 3.960000E+02  1.210923E+05  1.210923E+05  0.000000E+00
 3.970000E+02  1.211758E+05  1.211758E+05  0.000000E+00
 3.980000E+02  1.211590E+05  1.211590E+05  0.000000E+00
 3.990000E+02  1.211762E+05  1.211762E+05  0.000000E+00
 4.000000E+02  1.211187E+05  1.211187E+05  0.000000E+00
 4.010000E+02  1.211369E+05  1.211369E+05  0.000000E+00
 4.020000E+02  1.211170E+05  1.211170E+05  0.000000E+00
 4.030000E+02  1.210020E+05  1.210020E+05  0.000000E+00
 4.040000E+02  1.209430E+05  1.209430E+05  0.000000E+00
 4.050000E+02  1.209661E+05  1.209661E+05  0.000000E+00
 4.060000E+02  1.209643E+05  1.209643E+05  0.000000E+00
 4.070000E+02  1.209654E+05  1.209654E+05  0.000000E+00
 4.080000E+02  1.209629E+05  1.209629E+05  0.000000E+00
 4.090000E+02  1.209523E+05  1.209523E+05  0.000000E+00
 4.100000E+02  1.209702E+05  1.209702E+05  0.000000E+00
 4.110000E+02  1.209641E+05  1.209641E+05  0.000000E+00
 4.120000E+02  1.209937E+05  1.209937E+05  0.000000E+00
 4.130000E+02  1.210582E+05  1.210582E+05  0.000000E+00
 4.140000E+02  1.210730E+05  1.210730E+05  0.000000E+00
 4.150000E+02  1.211218E+05  1.211218E+05  0.000000E+00
 4.160000E+02  1.212071E+05  1.212071E+05  0.000000E+00
 4.170000E+02  1.212467E+05  1.212467E+05  0.000000E+00
 4.180000E+02  1.212486E+05  1.212486E+05  0.000000E+00
 4.190000E+02  1.212955E+05  1.212955E+05  0.000000E+00
 4.200000E+02  1.212912E+05  1.212912E+05  0.000000E+00
 4.210000E+02  1.212983E+05  1.212983E+05  0.000000E+00
 4.220000E+02  1.213027E+05  1.213027E+05  0.000000E+00
 4.230000E+02  1.213654E+05  1.213654E+05  0.000000E+00
 4.240000E+02  1.213690E+05  1.213690E+05  0.000000E+00
 4.250000E+02  1.213382E+05  1.213382E+05  0.000000E+00
 4.260000E+02  1.213343E+05  1.213343E+05  0.000000E+00
 4.270000E+02  1.213068E+05  1.213068E+05  0.000000E+00
 4.280000E+02  1.213153E+05  1.213153E+05  0.000000E+00
 4.290000E+02  1.213547E+05  1.213547E+05  0.000000E+00
 4.300000E+02  1.213705E+05  1.213705E+05  0.000000E+00
 4.310000E+02  1.213383E+05  1.213383E+05  0.000000E+00
 4.320000E+02  1.213363E+05  1.213363E+05  0.000000E+00
 4.330000E+02  1.213323E+05  1.213323E+05  0.000000E+00
 4.340000E+02  1.212955E+05  1.212955E+05  0.000000E+00
 4.350000E+02  1.211612E+05  1.211612E+05  0.000000E+00
 4.360000E+02  1.211761E+05  1.211761E+05  0.000000E+00
 4.370000E+02  1.211533E+05  1.211533E+05  0.000000E+00
 4.380000E+02  1.211730E+05  1.211730E+05  0.000000E+00
 4.390000E+02  1.211391E+05  1.211391E+05  0.000000E+00
 4.400000E+02  1.211884E+05  1.211884E+05  0.000000E+00
 4.410000E+02  1.211705E+05  1.211705E+05  0.000000E+00
 4.420000E+02  1.211317E+05  1.211317E+05  0.000000E+00
 4.430000E+02  1.211659E+05  1.211659E+05  0.000000E+00
 4.440000E+02  1.211669E+05  1.211669E+05  0.000000E+00
 4.450000E+02  1.211363E+05  1.211363E+05  0.000000E+00
 4.460000E+02  1.211029E+05  1.211029E+05  0.000000E+00
 4.470000E+02  1.210594E+05  1.210594E+05  0.000000E+00
 4.480000E+02  1.210485E+05  1.210485E+05  0.000000E+00
 4.490000E+02  1.210224E+05  1.210224E+05  0.000000E+00
 4.500000E+02  1.209693E+05  1.209693E+05  0.000000E+00
 4.510000E+02  1.208759E+05  1.208759E+05  0.000000E+00
 4.520000E+02  1.209006E+05  1.209006E+05  0.000000E+00
 4.530000E+02  1.209224E+05  1.209224E+05  0.000000E+00
 4.540000E+02  1.209279E+05  1.209279E+05  0.000000E+00
 4.550000E+02  1.208889E+05  1.208889E+05  0.000000E+00
 4.560000E+02  1.209511E+05  1.209511E+05  0.000000E+00
 4.570000E+02  1.210447E+05  1.210447E+05  0.000000E+00
 4.580000E+02  1.210971E+05  1.210971E+05  0.000000E+00
 4.590000E+02  1.211477E+05  1.211477E+05  0.000000E+00
 4.600000E+02  1.212439E+05  1.212439E+05  0.000000E+00
 4.610000E+02  1.212472E+05  1.212472E+05  0.000000E+00
 4.620000E+02  1.212435E+05  1.212435E+05  0.000000E+00
 4.630000E+02  1.212270E+05  1.212270E+05  0.000000E+00
 4.640000E+02  1.212225E+05  1.212225E+05  0.000000E+00
 4.650000E+02  1.212031E+05  1.212031E+05  0.000000E+00
 4.660000E+02  1.212507E+05  1.212507E+05  0.000000E+00
 4.670000E+02  1.212087E+05  1.212087E+05  0.000000E+00
 4.680000E+02  1.212209E+05  1.212209E+05  0.000000E+00
 4.690000E+02  1.213440E+05  1.213440E+05  0.000000E+00
 4.700000E+02  1.213959E+05  1.213959E+05  0.000000E+00
 4.710000E+02  1.214154E+05  1.214154E+05  0.000000E+00
 4.720000E+02  1.213321E+05  1.213321E+05  0.000000E+00
 4.730000E+02  1.213716E+05  1.213716E+05  0.000000E+00
 4.740000E+02  1.213957E+05  1.213957E+05  0.000000E+00
 4.750000E+02  1.213092E+05  1.213092E+05  0.000000E+00
 4.760000E+02  1.212670E+05  1.212670E+05  0.000000E+00
 4.770000E+02  1.212442E+05  1.212442E+05  0.000000E+00
 4.780000E+02  1.212370E+05  1.212370E+05  0.000000E+00
 4.790000E+02  1.212641E+05  1.212641E+05  0.000000E+00
 4.800000E+02  1.212813E+05  1.212813E+05  0.000000E+00
 4.810000E+02  1.212984E+05  1.212984E+05  0.000000E+00
 4.820000E+02  1.212925E+05  1.212925E+05  0.000000E+00
 4.830000E+02  1.213748E+05  1.213748E+05  0.000000E+00
 4.840000E+02  1.213938E+05  1.213938E+05  0.000000E+00
 4.850000E+02  1.213559E+05  1.213559E+05  0.000000E+00
 4.860000E+02  1.213294E+05  1.213294E+05  0.000000E+00
 4.870000E+02  1.213020E+05  1.213020E+05  0.000000E+00
 4.880000E+02  1.213556E+05  1.213556E+05  0.000000E+00
 4.890000E+02  1.214762E+05  1.214762E+05  0.000000E+00
 4.900000E+02  1.215204E+05  1.215204E+05  0.000000E+00
 4.910000E+02  1.215103E+05  1.215103E+05  0.000000E+00
 4.920000E+02  1.214700E+05  1.214700E+05  0.000000E+00
 4.930000E+02  1.214866E+05  1.214866E+05  0.000000E+00
 4.940000E+02  1.214447E+05  1.214447E+05  0.000000E+00
 4.950000E+02  1.214081E+05  1.214081E+05  0.000000E+00
 4.960000E+02  1.213962E+05  1.213962E+05  0.000000E+00
 4.970000E+02  1.213683E+05  1.213683E+05  0.000000E+00
 4.980000E+02  1.213114E+05  1.213114E+05  0.000000E+00
 4.990000E+02  1.213037E+05  1.213037E+05  0.000000E+00
 5.000000E+02  1.212894E+05  1.212894E+05  0.000000E+00
 5.010000E+02  1.213546E+05  1.213546E+05  0.000000E+00
 5.020000E+02  1.213742E+05  1.213742E+05  0.000000E+00
 5.030000E+02  1.213686E+05  1.213686E+05  0.000000E+00
 5.040000E+02  1.213588E+05  1.213588E+05  0.000000E+00
 5.050000E+02  1.214212E+05  1.214212E+05  0.000000E+00
 5.060000E+02  1.214453E+05  1.214453E+05  0.000000E+00
 5.070000E+02  1.214339E+05  1.214339E+05  0.000000E+00
 5.080000E+02  1.213714E+05  1.213714E+05  0.000000E+00
 5.090000E+02  1.213575E+05  1.213575E+05  0.000000E+00
 5.100000E+02  1.213823E+05  1.213823E+05  0.000000E+00
 5.110000E+02  1.213568E+05  1.213568E+05  0.000000E+00
 5.120000E+02  1.213041E+05  1.213041E+05  0.000000E+00
 5.130000E+02  1.212221E+05  1.212221E+05  0.000000E+00
 5.140000E+02  1.212862E+05  1.212862E+05  0.000000E+00
 5.150000E+02  1.213678E+05  1.213678E+05  0.000000E+00
 5.160000E+02  1.214137E+05  1.214137E+05  0.000000E+00
 5.170000E+02  1.214986E+05  1.214986E+05  0.000000E+00
 5.180000E+02  1.215400E+05  1.215400E+05  0.000000E+00
 5.190000E+02  1.215791E+05  1.215791E+05  0.000000E+00
 5.200000E+02  1.216523E+05  1.216523E+05  0.000000E+00
 5.210000E+02  1.216480E+05  1.216480E+05  0.000000E+00
 5.220000E+02  1.216604E+05  1.216604E+05  0.000000E+00
 5.230000E+02  1.216328E+05  1.216328E+05  0.000000E+00
 5.240000E+02  1.216169E+05  1.216169E+05  0.000000E+00
 5.250000E+02  1.216642E+05  1.216642E+05  0.000000E+00
 5.260000E+02  1.216666E+05  1.216666E+05  0.000000E+00
 5.270000E+02  1.215885E+05  1.215885E+05  0.000000E+00
 5.280000E+02  1.215782E+05  1.215782E+05  0.000000E+00
 5.290000E+02  1.215141E+05  1.215141E+05  0.000000E+00
 5.300000E+02  1.214894E+05  1.214894E+05  0.000000E+00
 5.310000E+02  1.215880E+05  1.215880E+05  0.000000E+00
 5.320000E+02  1.216042E+05  1.216042E+05  0.000000E+00
 5.330000E+02  1.215779E+05  1.215779E+05  0.000000E+00
 5.340000E+02  1.215578E+05  1.215578E+05  0.000000E+00
 5.350000E+02  1.215222E+05  1.215222E+05  0.000000E+00
 5.360000E+02  1.214460E+05  1.214460E+05  0.000000E+00
 5.370000E+02  1.213691E+05  1.213691E+05  0.000000E+00
 5.380000E+02  1.214052E+05  1.214052E+05  0.000000E+00
 5.390000E+02  1.214224E+05  1.214224E+05  0.000000E+00
 5.400000E+02  1.213782E+05  1.213782E+05  0.000000E+00
 5.410000E+02  1.213532E+05  1.213532E+05  0.000000E+00
 5.420000E+02  1.213909E+05  1.213909E+05  0.000000E+00
 5.430000E+02  1.214948E+05  1.214948E+05  0.000000E+00
 5.440000E+02  1.215122E+05  1.215122E+05  0.000000E+00
 5.450000E+02  1.215671E+05  1.215671E+05  0.000000E+00
 5.460000E+02  1.216162E+05  1.216162E+05  0.000000E+00
 5.470000E+02  1.216729E+05  1.216729E+05  0.000000E+00
 5.480000E+02  1.216924E+05  1.216924E+05  0.000000E+00
 5.490000E+02  1.216649E+05  1.216649E+05  0.000000E+00
 5.500000E+02  1.217275E+05  1.217275E+05  0.000000E+00
 5.510000E+02  1.217693E+05  1.217693E+05  0.000000E+00
 5.520000E+02  1.218269E+05  1.218269E+05  0.000000E+00
 5.530000E+02  1.218608E+05  1.218608E+05  0.000000E+00
 5.540000E+02  1.218674E+05  1.218674E+05  0.000000E+00
 5.550000E+02  1.218740E+05  1.218740E+05  0.000000E+00
 5.560000E+02  1.218537E+05  1.218537E+05  0.000000E+00
 5.570000E+02  1.217957E+05  1.217957E+05  0.000000E+00
 5.580000E+02  1.217670E+05  1.217670E+05  0.000000E+00
 5.590000E+02  1.217476E+05  1.217476E+05  0.000000E+00
 5.600000E+02  1.216686E+05  1.216686E+05  0.000000E+00
 5.610000E+02  1.217617E+05  1.217617E+05  0.000000E+00
 5.620000E+02  1.217363E+05  1.217363E+05  0.000000E+00
 5.630000E+02  1.217159E+05  1.217159E+05  0.000000E+00
 5.640000E+02  1.216828E+05  1.216828E+05  0.000000E+00
 5.650000E+02  1.216561E+05  1.216561E+05  0.000000E+00
 5.660000E+02  1.216929E+05  1.216929E+05  0.000000E+00
 5.670000E+02  1.217142E+05  1.217142E+05  0.000000E+00
 5.680000E+02  1.217037E+05  1.217037E+05  0.000000E+00
 5.690000E+02  1.217651E+05  1.217651E+05  0.000000E+00
 5.700000E+02  1.217762E+05  1.217762E+05  0.000000E+00
 5.710000E+02  1.217972E+05  1.217972E+05  0.000000E+00
 5.720000E+02  1.218051E+05  1.218051E+05  0.000000E+00
 5.730000E+02  1.218404E+05  1.218404E+05  0.000000E+00
 5.740000E+02  1.218675E+05  1.218675E+05  0.000000E+00
 5.750000E+02  1.218481E+05  1.218481E+05  0.000000E+00
 5.760000E+02  1.218337E+05  1.218337E+05  0.000000E+00
 5.770000E+02  1.218027E+05  1.218027E+05  0.000000E+00
 5.780000E+02  1.217757E+05  1.217757E+05  0.000000E+00
 5.790000E+02  1.217681E+05  1.217681E+05  0.000000E+00
 5.800000E+02  1.216496E+05  1.216496E+05  0.000000E+00
 5.810000E+02  1.216176E+05  1.216176E+05  0.000000E+00
 5.820000E+02  1.216637E+05  1.216637E+05  0.000000E+00
 5.830000E+02  1.215938E+05  1.215938E+05  0.000000E+00
 5.840000E+02  1.215147E+05  1.215147E+05  0.000000E+00
 5.850000E+02  1.214547E+05  1.214547E+05  0.000000E+00
 5.860000E+02  1.214377E+05  1.214377E+05  0.000000E+00
 5.870000E+02  1.214071E+05  1.214071E+05  0.000000E+00
 5.880000E+02  1.215080E+05  1.215080E+05  0.000000E+00
 5.890000E+02  1.215513E+05  1.215513E+05  0.000000E+00
 5.900000E+02  1.215790E+05  1.215790E+05  0.000000E+00
 5.910000E+02  1.215565E+05  1.215565E+05  0.000000E+00
 5.920000E+02  1.216051E+05  1.216051E+05  0.000000E+00
 5.930000E+02  1.217383E+05  1.217383E+05  0.000000E+00
 5.940000E+02  1.218337E+05  1.218337E+05  0.000000E+00
 5.950000E+02  1.218687E+05  1.218687E+05  0.000000E+00
 5.960000E+02  1.218529E+05  1.218529E+05  0.000000E+00
 5.970000E+02  1.218628E+05  1.218628E+05  0.000000E+00
 5.980000E+02  1.217977E+05  1.217977E+05  0.000000E+00
 5.990000E+02  1.217566E+05  1.217566E+05  0.000000E+00
 6.000000E+02  1.216845E+05  1.216845E+05  0.000000E+00
 6.010000E+02  1.217650E+05  1.217650E+05  0.000000E+00
 6.020000E+02  1.218237E+05  1.218237E+05  0.000000E+00
 6.030000E+02  1.218831E+05  1.218831E+05  0.000000E+00
 6.040000E+02  1.218822E+05  1.218822E+05  0.000000E+00
 6.050000E+02  1.219138E+05  1.219138E+05  0.000000E+00
 6.060000E+02  1.219455E+05  1.219455E+05  0.000000E+00
 6.070000E+02  1.219111E+05  1.219111E+05  0.000000E+00
 6.080000E+02  1.219338E+05  1.219338E+05  0.000000E+00
 6.090000E+02  1.219074E+05  1.219074E+05  0.000000E+00
 6.100000E+02  1.218528E+05  1.218528E+05  0.000000E+00
 6.110000E+02  1.218144E+05  1.218144E+05  0.000000E+00
 6.120000E+02  1.217968E+05  1.217968E+05  0.000000E+00
 6.130000E+02  1.218223E+05  1.218223E+05  0.000000E+00
 6.140000E+02  1.218565E+05  1.218565E+05  0.000000E+00
 6.150000E+02  1.218207E+05  1.218207E+05  0.000000E+00
 6.160000E+02  1.218224E+05  1.218224E+05  0.000000E+00
 6.170000E+02  1.218427E+05  1.218427E+05  0.000000E+00
 6.180000E+02  1.218491E+05  1.218491E+05  0.000000E+00
 6.190000E+02  1.218845E+05  1.218845E+05  0.000000E+00
 6.200000E+02  1.218759E+05  1.218759E+05  0.000000E+00
 6.210000E+02  1.218616E+05  1.218616E+05  0.000000E+00
 6.220000E+02  1.218647E+05  1.218647E+05  0.000000E+00
 6.230000E+02  1.218099E+05  1.218099E+05  0.000000E+00
 6.240000E+02  1.218206E+05  1.218206E+05  0.000000E+00
 6.250000E+02  1.218342E+05  1.218342E+05  0.000000E+00
 6.260000E+02  1.217862E+05  1.217862E+05  0.000000E+00
 6.270000E+02  1.218199E+05  1.218199E+05  0.000000E+00
 6.280000E+02  1.219257E+05  1.219257E+05  0.000000E+00
 6.290000E+02  1.218914E+05  1.218914E+05  0.000000E+00
 6.300000E+02  1.219557E+05  1.219557E+05  0.000000E+00
 6.310000E+02  1.219875E+05  1.219875E+05  0.000000E+00
 6.320000E+02  1.220485E+05  1.220485E+05  0.000000E+00
 6.330000E+02  1.220394E+05  1.220394E+05  0.000000E+00
 6.340000E+02  1.220015E+05  1.220015E+05  0.000000E+00
 6.350000E+02  1.220164E+05  1.220164E+05  0.000000E+00
 6.360000E+02  1.219737E+05  1.219737E+05  0.000000E+00
 6.370000E+02  1.220654E+05  1.220654E+05  0.000000E+00
 6.380000E+02  1.220893E+05  1.220893E+05  0.000000E+00
 6.390000E+02  1.221174E+05  1.221174E+05  0.000000E+00
 6.400000E+02  1.220848E+05  1.220848E+05  0.000000E+00
 6.410000E+02  1.220456E+05  1.220456E+05  0.000000E+00
 6.420000E+02  1.220207E+05  1.220207E+05  0.000000E+00
 6.430000E+02  1.220163E+05  1.220163E+05  0.000000E+00
 6.440000E+02  1.219441E+05  1.219441E+05  0.000000E+00
 6.450000E+02  1.218857E+05  1.218857E+05  0.000000E+00
 6.460000E+02  1.218785E+05  1.218785E+05  0.000000E+00
 6.470000E+02  1.217159E+05  1.217159E+05  0.000000E+00
 6.480000E+02  1.218074E+05  1.218074E+05  0.000000E+00
 6.490000E+02  1.218248E+05  1.218248E+05  0.000000E+00
 6.500000E+02  1.217849E+05  1.217849E+05  0.000000E+00
 6.510000E+02  1.217770E+05  1.217770E+05  0.000000E+00
 6.520000E+02  1.217723E+05  1.217723E+05  0.000000E+00
 6.530000E+02  1.216391E+05  1.216391E+05  0.000000E+00
 6.540000E+02  1.217705E+05  1.217705E+05  0.000000E+00
 6.550000E+02  1.218815E+05  1.218815E+05  0.000000E+00
 6.560000E+02  1.218818E+05  1.218818E+05  0.000000E+00
 6.570000E+02  1.219115E+05  1.219115E+05  0.000000E+00
 6.580000E+02  1.219337E+05  1.219337E+05  0.000000E+00
 6.590000E+02  1.218843E+05  1.218843E+05  0.000000E+00
 6.600000E+02  1.219943E+05  1.219943E+05  0.000000E+00
 6.610000E+02  1.220656E+05  1.220656E+05  0.000000E+00
 6.620000E+02  1.221021E+05  1.221021E+05  0.000000E+00
 6.630000E+02  1.220844E+05  1.220844E+05  0.000000E+00
 6.640000E+02  1.220448E+05  1.220448E+05  0.000000E+00
 6.650000E+02  1.220003E+05  1.220003E+05  0.000000E+00
 6.660000E+02  1.219197E+05  1.219197E+05  0.000000E+00
 6.670000E+02  1.219365E+05  1.219365E+05  0.000000E+00
 6.680000E+02  1.219825E+05  1.219825E+05  0.000000E+00
 6.690000E+02  1.219887E+05  1.219887E+05  0.000000E+00
 6.700000E+02  1.219519E+05  1.219519E+05  0.000000E+00
 6.710000E+02  1.219548E+05  1.219548E+05  0.000000E+00
 6.720000E+02  1.219696E+05  1.219696E+05  0.000000E+00
 6.730000E+02  1.219314E+05  1.219314E+05  0.000000E+00
 6.740000E+02  1.219076E+05  1.219076E+05  0.000000E+00
 6.750000E+02  1.219581E+05  1.219581E+05  0.000000E+00
 6.760000E+02  1.219991E+05  1.219991E+05  0.000000E+00
 6.770000E+02  1.220147E+05  1.220147E+05  0.000000E+00
 6.780000E+02  1.219996E+05  1.219996E+05  0.000000E+00
 6.790000E+02  1.220313E+05  1.220313E+05  0.000000E+00
 6.800000E+02  1.220261E+05  1.220261E+05  0.000000E+00
 6.810000E+02  1.220248E+05  1.220248E+05  0.000000E+00
 6.820000E+02  1.220123E+05  1.220123E+05  0.000000E+00
 6.830000E+02  1.219947E+05  1.219947E+05  0.000000E+00
 6.840000E+02  1.219288E+05  1.219288E+05  0.000000E+00
 6.850000E+02  1.219660E+05  1.219660E+05  0.000000E+00
 6.860000E+02  1.220437E+05  1.220437E+05  0.000000E+00
 6.870000E+02  1.220202E+05  1.220202E+05  0.000000E+00
 6.880000E+02  1.220552E+05  1.220552E+05  0.000000E+00
 6.890000E+02  1.220334E+05  1.220334E+05  0.000000E+00
 6.900000E+02  1.220788E+05  1.220788E+05  0.000000E+00
 6.910000E+02  1.220661E+05  1.220661E+05  0.000000E+00
 6.920000E+02  1.220904E+05  1.220904E+05  0.000000E+00
 6.930000E+02  1.221302E+05  1.221302E+05  0.000000E+00
 6.940000E+02  1.221303E+05  1.221303E+05  0.000000E+00
 6.950000E+02  1.220971E+05  1.220971E+05  0.000000E+00
 6.960000E+02  1.221372E+05  1.221372E+05  0.000000E+00
 6.970000E+02  1.221069E+05  1.221069E+05  0.000000E+00
 6.980000E+02  1.221246E+05  1.221246E+05  0.000000E+00
 6.990000E+02  1.221198E+05  1.221198E+05  0.000000E+00
 7.000000E+02  1.221048E+05  1.221048E+05  0.000000E+00
 7.010000E+02  1.220388E+05  1.220388E+05  0.000000E+00
 7.020000E+02  1.220035E+05  1.220035E+05  0.000000E+00
 7.030000E+02  1.220721E+05  1.220721E+05  0.000000E+00
 7.040000E+02  1.220771E+05  1.220771E+05  0.000000E+00
 7.050000E+02  1.220732E+05  1.220732E+05  0.000000E+00
 7.060000E+02  1.220923E+05  1.220923E+05  0.000000E+00
 7.070000E+02  1.220855E+05  1.220855E+05  0.000000E+00
 7.080000E+02  1.220193E+05  1.220193E+05  0.000000E+00
 7.090000E+02  1.219220E+05  1.219220E+05  0.000000E+00
 7.100000E+02  1.218900E+05  1.218900E+05  0.000000E+00
 7.110000E+02  1.219135E+05  1.219135E+05  0.000000E+00
 7.120000E+02  1.219901E+05  1.219901E+05  0.000000E+00
 7.130000E+02  1.220124E+05  1.220124E+05  0.000000E+00
 7.140000E+02  1.220300E+05  1.220300E+05  0.000000E+00
 7.150000E+02  1.220754E+05  1.220754E+05  0.000000E+00
 7.160000E+02  1.220366E+05  1.220366E+05  0.000000E+00
 7.170000E+02  1.221387E+05  1.221387E+05  0.000000E+00
 7.180000E+02  1.222994E+05  1.222994E+05  0.000000E+00
 7.190000E+02  1.223476E+05  1.223476E+05  0.000000E+00
 7.200000E+02  1.223192E+05  1.223192E+05  0.000000E+00
 7.210000E+02  1.222834E+05  1.222834E+05  0.000000E+00
 7.220000E+02  1.222991E+05  1.222991E+05  0.000000E+00
 7.230000E+02  1.223403E+05  1.223403E+05  0.000000E+00
 7.240000E+02  1.223288E+05  1.223288E+05  0.000000E+00
 7.250000E+02  1.222712E+05  1.222712E+05  0.000000E+00
 7.260000E+02  1.222818E+05  1.222818E+05  0.000000E+00
 7.270000E+02  1.223253E+05  1.223253E+05  0.000000E+00
 7.280000E+02  1.223229E+05  1.223229E+05  0.000000E+00
 7.290000E+02  1.223026E+05  1.223026E+05  0.000000E+00
 7.300000E+02  1.222826E+05  1.222826E+05  0.000000E+00
 7.310000E+02  1.223075E+05  1.223075E+05  0.000000E+00
 7.320000E+02  1.223332E+05  1.223332E+05  0.000000E+00
 7.330000E+02  1.222591E+05  1.222591E+05  0.000000E+00
 7.340000E+02  1.222366E+05  1.222366E+05  0.000000E+00
 7.350000E+02  1.222668E+05  1.222668E+05  0.000000E+00
 7.360000E+02  1.222305E+05  1.222305E+05  0.000000E+00
 7.370000E+02  1.221742E+05  1.221742E+05  0.000000E+00
 7.380000E+02  1.221089E+05  1.221089E+05  0.000000E+00
 7.390000E+02  1.221305E+05  1.221305E+05  0.000000E+00
 7.400000E+02  1.222342E+05  1.222342E+05  0.000000E+00
 7.410000E+02  1.223305E+05  1.223305E+05  0.000000E+00
 7.420000E+02  1.223234E+05  1.223234E+05  0.000000E+00
 7.430000E+02  1.223298E+05  1.223298E+05  0.000000E+00
 7.440000E+02  1.222902E+05  1.222902E+05  0.000000E+00
 7.450000E+02  1.221987E+05  1.221987E+05  0.000000E+00
 7.460000E+02  1.221879E+05  1.221879E+05  0.000000E+00
 7.470000E+02  1.222631E+05  1.222631E+05  0.000000E+00
 7.480000E+02  1.222743E+05  1.222743E+05  0.000000E+00
 7.490000E+02  1.223051E+05  1.223051E+05  0.000000E+00
 7.500000E+02  1.223086E+05  1.223086E+05  0.000000E+00
 7.510000E+02  1.222673E+05  1.222673E+05  0.000000E+00
 7.520000E+02  1.221963E+05  1.221963E+05  0.000000E+00
 7.530000E+02  1.221461E+05  1.221461E+05  0.000000E+00
 7.540000E+02  1.222048E+05  1.222048E+05  0.000000E+00
 7.550000E+02  1.222218E+05  1.222218E+05  0.000000E+00
 7.560000E+02  1.222039E+05  1.222039E+05  0.000000E+00
 7.570000E+02  1.222011E+05  1.222011E+05  0.000000E+00
 7.580000E+02  1.222313E+05  1.222313E+05  0.000000E+00
 7.590000E+02  1.223362E+05  1.223362E+05  0.000000E+00
 7.600000E+02  1.224353E+05  1.224353E+05  0.000000E+00
 7.610000E+02  1.224333E+05  1.224333E+05  0.000000E+00
 7.620000E+02  1.223716E+05  1.223716E+05  0.000000E+00
 7.630000E+02  1.223433E+05  1.223433E+05  0.000000E+00
 7.640000E+02  1.223466E+05  1.223466E+05  0.000000E+00
 7.650000E+02  1.223630E+05  1.223630E+05  0.000000E+00
 7.660000E+02  1.223429E+05  1.223429E+05  0.000000E+00
 7.670000E+02  1.223478E+05  1.223478E+05  0.000000E+00
 7.680000E+02  1.223827E+05  1.223827E+05  0.000000E+00
 7.690000E+02  1.224167E+05  1.224167E+05  0.000000E+00
 7.700000E+02  1.224305E+05  1.224305E+05  0.000000E+00
 7.710000E+02  1.223533E+05  1.223533E+05  0.000000E+00
 7.720000E+02  1.223239E+05  1.223239E+05  0.000000E+00
 7.730000E+02  1.223050E+05  1.223050E+05  0.000000E+00
 7.740000E+02  1.222592E+05  1.222592E+05  0.000000E+00
 7.750000E+02  1.223324E+05  1.223324E+05  0.000000E+00
 7.760000E+02  1.223252E+05  1.223252E+05  0.000000E+00
 7.770000E+02  1.223416E+05  1.223416E+05  0.000000E+00
 7.780000E+02  1.222938E+05  1.222938E+05  0.000000E+00
 7.790000E+02  1.221812E+05  1.221812E+05  0.000000E+00
 7.800000E+02  1.221252E+05  1.221252E+05  0.000000E+00
 7.810000E+02  1.221721E+05  1.221721E+05  0.000000E+00
 7.820000E+02  1.221598E+05  1.221598E+05  0.000000E+00
 7.830000E+02  1.222208E+05  1.222208E+05  0.000000E+00
 7.840000E+02  1.222101E+05  1.222101E+05  0.000000E+00
 7.850000E+02  1.221893E+05  1.221893E+05  0.000000E+00
 7.860000E+02  1.221625E+05  1.221625E+05  0.000000E+00
 7.870000E+02  1.221843E+05  1.221843E+05  0.000000E+00
 7.880000E+02  1.221565E+05  1.221565E+05  0.000000E+00
 7.890000E+02  1.221049E+05  1.221049E+05  0.000000E+00
 7.900000E+02  1.220798E+05  1.220798E+05  0.000000E+00
 7.910000E+02  1.221189E+05  1.221189E+05  0.000000E+00
 7.920000E+02  1.220934E+05  1.220934E+05  0.000000E+00
 7.930000E+02  1.221724E+05  1.221724E+05  0.000000E+00
 7.940000E+02  1.221598E+05  1.221598E+05  0.000000E+00
 7.950000E+02  1.220960E+05  1.220960E+05  0.000000E+00
 7.960000E+02  1.220458E+05  1.220458E+05  0.000000E+00
 7.970000E+02  1.220483E+05  1.220483E+05  0.000000E+00
 7.980000E+02  1.220967E+05  1.220967E+05  0.000000E+00
 7.990000E+02  1.220959E+05  1.220959E+05  0.000000E+00
 8.000000E+02  1.221505E+05  1.221505E+05  0.000000E+00
 8.010000E+02  1.222175E+05  1.222175E+05  0.000000E+00
 8.020000E+02  1.222295E+05  1.222295E+05  0.000000E+00
 8.030000E+02  1.222724E+05  1.222724E+05  0.000000E+00
 8.040000E+02  1.223232E+05  1.223232E+05  0.000000E+00
 8.050000E+02  1.223978E+05  1.223978E+05  0.000000E+00
 8.060000E+02  1.223753E+05  1.223753E+05  0.000000E+00
 8.070000E+02  1.223078E+05  1.223078E+05  0.000000E+00
 8.080000E+02  1.222669E+05  1.222669E+05  0.000000E+00
 8.090000E+02  1.222928E+05  1.222928E+05  0.000000E+00
 8.100000E+02  1.223718E+05  1.223718E+05  0.000000E+00
 8.110000E+02  1.223561E+05  1.223561E+05  0.000000E+00
 8.120000E+02  1.223570E+05  1.223570E+05  0.000000E+00
 8.130000E+02  1.223906E+05  1.223906E+05  0.000000E+00
 8.140000E+02  1.224620E+05  1.224620E+05  0.000000E+00
 8.150000E+02  1.224785E+05  1.224785E+05  0.000000E+00
 8.160000E+02  1.224608E+05  1.224608E+05  0.000000E+00
 8.170000E+02  1.224443E+05  1.224443E+05  0.000000E+00
 8.180000E+02  1.224882E+05  1.224882E+05  0.000000E+00
 8.190000E+02  1.225345E+05  1.225345E+05  0.000000E+00
 8.200000E+02  1.225284E+05  1.225284E+05  0.000000E+00
 8.210000E+02  1.224896E+05  1.224896E+05  0.000000E+00
 8.220000E+02  1.224182E+05  1.224182E+05  0.000000E+00
 8.230000E+02  1.224218E+05  1.224218E+05  0.000000E+00
 8.240000E+02  1.224936E+05  1.224936E+05  0.000000E+00
 8.250000E+02  1.225001E+05  1.225001E+05  0.000000E+00
 8.260000E+02  1.224656E+05  1.224656E+05  0.000000E+00
 8.270000E+02  1.224385E+05  1.224385E+05  0.000000E+00
 8.280000E+02  1.223583E+05  1.223583E+05  0.000000E+00
 8.290000E+02  1.223163E+05  1.223163E+05  0.000000E+00
 8.300000E+02  1.223670E+05  1.223670E+05  0.000000E+00
 8.310000E+02  1.224671E+05  1.224671E+05  0.000000E+00
 8.320000E+02  1.224690E+05  1.224690E+05  0.000000E+00
 8.330000E+02  1.224864E+05  1.224864E+05  0.000000E+00
 8.340000E+02  1.224975E+05  1.224975E+05  0.000000E+00
 8.350000E+02  1.225306E+05  1.225306E+05  0.000000E+00
 8.360000E+02  1.225532E+05  1.225532E+05  0.000000E+00
 8.370000E+02  1.225531E+05  1.225531E+05  0.000000E+00
 8.380000E+02  1.226544E+05  1.226544E+05  0.000000E+00
 8.390000E+02  1.226921E+05  1.226921E+05  0.000000E+00
 8.400000E+02  1.226313E+05  1.226313E+05  0.000000E+00
 8.410000E+02  1.225449E+05  1.225449E+05  0.000000E+00
 8.420000E+02  1.225536E+05  1.225536E+05  0.000000E+00
 8.430000E+02  1.225845E+05  1.225845E+05  0.000000E+00
 8.440000E+02  1.226327E+05  1.226327E+05  0.000000E+00
 8.450000E+02  1.226264E+05  1.226264E+05  0.000000E+00
 8.460000E+02  1.227097E+05  1.227097E+05  0.000000E+00
 8.470000E+02  1.227844E+05  1.227844E+05  0.000000E+00
 8.480000E+02  1.228094E+05  1.228094E+05  0.000000E+00
 8.490000E+02  1.228721E+05  1.228721E+05  0.000000E+00
 8.500000E+02  1.228890E+05  1.228890E+05  0.000000E+00
 8.510000E+02  1.228188E+05  1.228188E+05  0.000000E+00
 8.520000E+02  1.227627E+05  1.227627E+05  0.000000E+00
 8.530000E+02  1.227602E+05  1.227602E+05  0.000000E+00
 8.540000E+02  1.227264E+05  1.227264E+05  0.000000E+00
 8.550000E+02  1.226806E+05  1.226806E+05  0.000000E+00
 8.560000E+02  1.226365E+05  1.226365E+05  0.000000E+00
 8.570000E+02  1.225231E+05  1.225231E+05  0.000000E+00
 8.580000E+02  1.225571E+05  1.225571E+05  0.000000E+00
 8.590000E+02  1.226108E+05  1.226108E+05  0.000000E+00
 8.600000E+02  1.226291E+05  1.226291E+05  0.000000E+00
 8.610000E+02  1.227094E+05  1.227094E+05  0.000000E+00
 8.620000E+02  1.226494E+05  1.226494E+05  0.000000E+00
 8.630000E+02  1.226600E+05  1.226600E+05  0.000000E+00
 8.640000E+02  1.226757E+05  1.226757E+05  0.000000E+00
 8.650000E+02  1.226393E+05  1.226393E+05  0.000000E+00
 8.660000E+02  1.226865E+05  1.226865E+05  0.000000E+00
 8.670000E+02  1.227387E+05  1.227387E+05  0.000000E+00
 8.680000E+02  1.227888E+05  1.227888E+05  0.000000E+00
 8.690000E+02  1.227968E+05  1.227968E+05  0.000000E+00
 8.700000E+02  1.229021E+05  1.229021E+05  0.000000E+00
 8.710000E+02  1.228939E+05  1.228939E+05  0.000000E+00
 8.720000E+02  1.228870E+05  1.228870E+05  0.000000E+00
 8.730000E+02  1.229187E+05  1.229187E+05  0.000000E+00
 8.740000E+02  1.230152E+05  1.230152E+05  0.000000E+00
 8.750000E+02  1.230299E+05  1.230299E+05  0.000000E+00
 8.760000E+02  1.229950E+05  1.229950E+05  0.000000E+00
 8.770000E+02  1.229034E+05  1.229034E+05  0.000000E+00
 8.780000E+02  1.230118E+05  1.230118E+05  0.000000E+00
 8.790000E+02  1.230057E+05  1.230057E+05  0.000000E+00
 8.800000E+02  1.230345E+05  1.230345E+05  0.000000E+00
 8.810000E+02  1.230115E+05  1.230115E+05  0.000000E+00
 8.820000E+02  1.230160E+05  1.230160E+05  0.000000E+00
 8.830000E+02  1.229558E+05  1.229558E+05  0.000000E+00
 8.840000E+02  1.229115E+05  1.229115E+05  0.000000E+00
 8.850000E+02  1.228534E+05  1.228534E+05  0.000000E+00
 8.860000E+02  1.228064E+05  1.228064E+05  0.000000E+00
 8.870000E+02  1.226834E+05  1.226834E+05  0.000000E+00
 8.880000E+02  1.226524E+05  1.226524E+05  0.000000E+00
 8.890000E+02  1.226470E+05  1.226470E+05  0.000000E+00
 8.900000E+02  1.226938E+05  1.226938E+05  0.000000E+00
 8.910000E+02  1.227734E+05  1.227734E+05  0.000000E+00
 8.920000E+02  1.227370E+05  1.227370E+05  0.000000E+00
 8.930000E+02  1.227375E+05  1.227375E+05  0.000000E+00
 8.940000E+02  1.227780E+05  1.227780E+05  0.000000E+00
 8.950000E+02  1.228082E+05  1.228082E+05  0.000000E+00
 8.960000E+02  1.228574E+05  1.228574E+05  0.000000E+00
 8.970000E+02  1.228669E+05  1.228669E+05  0.000000E+00
 8.980000E+02  1.229004E+05  1.229004E+05  0.000000E+00
 8.990000E+02  1.229475E+05  1.229475E+05  0.000000E+00
 9.000000E+02  1.229627E+05  1.229627E+05  0.000000E+00
 9.010000E+02  1.229343E+05  1.229343E+05  0.000000E+00
 9.020000E+02  1.229734E+05  1.229734E+05  0.000000E+00
 9.030000E+02  1.230209E+05  1.230209E+05  0.000000E+00
 9.040000E+02  1.230359E+05  1.230359E+05  0.000000E+00
 9.050000E+02  1.230728E+05  1.230728E+05  0.000000E+00
 9.060000E+02  1.231002E+05  1.231002E+05  0.000000E+00
 9.070000E+02  1.230725E+05  1.230725E+05  0.000000E+00
 9.080000E+02  1.230462E+05  1.230462E+05  0.000000E+00
 9.090000E+02  1.230247E+05  1.230247E+05  0.000000E+00
 9.100000E+02  1.230586E+05  1.230586E+05  0.000000E+00
 9.110000E+02  1.231042E+05  1.231042E+05  0.000000E+00
 9.120000E+02  1.231419E+05  1.231419E+05  0.000000E+00
 9.130000E+02  1.231478E+05  1.231478E+05  0.000000E+00
 9.140000E+02  1.231412E+05  1.231412E+05  0.000000E+00
 9.150000E+02  1.231480E+05  1.231480E+05  0.000000E+00
 9.160000E+02  1.231680E+05  1.231680E+05  0.000000E+00
 9.170000E+02  1.231732E+05  1.231732E+05  0.000000E+00
 9.180000E+02  1.231691E+05  1.231691E+05  0.000000E+00
 9.190000E+02  1.231730E+05  1.231730E+05  0.000000E+00
 9.200000E+02  1.232273E+05  1.232273E+05  0.000000E+00
 9.210000E+02  1.232613E+05  1.232613E+05  0.000000E+00
 9.220000E+02  1.231908E+05  1.231908E+05  0.000000E+00
 9.230000E+02  1.231616E+05  1.231616E+05  0.000000E+00
 9.240000E+02  1.230846E+05  1.230846E+05  0.000000E+00
 9.250000E+02  1.229929E+05  1.229929E+05  0.000000E+00
 9.260000E+02  1.229364E+05  1.229364E+05  0.000000E+00
 9.270000E+02  1.229413E+05  1.229413E+05  0.000000E+00
 9.280000E+02  1.228933E+05  1.228933E+05  0.000000E+00
 9.290000E+02  1.228394E+05  1.228394E+05  0.000000E+00
 9.300000E+02  1.227780E+05  1.227780E+05  0.000000E+00
 9.310000E+02  1.227880E+05  1.227880E+05  0.000000E+00
 9.320000E+02  1.228509E+05  1.228509E+05  0.000000E+00
 9.330000E+02  1.228711E+05  1.228711E+05  0.000000E+00
 9.340000E+02  1.228501E+05  1.228501E+05  0.000000E+00
 9.350000E+02  1.228160E+05  1.228160E+05  0.000000E+00
 9.360000E+02  1.229010E+05  1.229010E+05  0.000000E+00
 9.370000E+02  1.229827E+05  1.229827E+05  0.000000E+00
 9.380000E+02  1.229809E+05  1.229809E+05  0.000000E+00
 9.390000E+02  1.230352E+05  1.230352E+05  0.000000E+00
 9.400000E+02  1.230688E+05  1.230688E+05  0.000000E+00
 9.410000E+02  1.230374E+05  1.230374E+05  0.000000E+00
 9.420000E+02  1.230368E+05  1.230368E+05  0.000000E+00
 9.430000E+02  1.230774E+05  1.230774E+05  0.000000E+00
 9.440000E+02  1.231067E+05  1.231067E+05  0.000000E+00
 9.450000E+02  1.230958E+05  1.230958E+05  0.000000E+00
 9.460000E+02  1.230155E+05  1.230155E+05  0.000000E+00
 9.470000E+02  1.230284E+05  1.230284E+05  0.000000E+00
 9.480000E+02  1.230279E+05  1.230279E+05  0.000000E+00
 9.490000E+02  1.230620E+05  1.230620E+05  0.000000E+00
 9.500000E+02  1.230951E+05  1.230951E+05  0.000000E+00
 9.510000E+02  1.230740E+05  1.230740E+05  0.000000E+00
 9.520000E+02  1.230802E+05  1.230802E+05  0.000000E+00
 9.530000E+02  1.231213E+05  1.231213E+05  0.000000E+00
 9.540000E+02  1.230631E+05  1.230631E+05  0.000000E+00
 9.550000E+02  1.230488E+05  1.230488E+05  0.000000E+00
 9.560000E+02  1.230273E+05  1.230273E+05  0.000000E+00
 9.570000E+02  1.230049E+05  1.230049E+05  0.000000E+00
 9.580000E+02  1.230058E+05  1.230058E+05  0.000000E+00
 9.590000E+02  1.229562E+05  1.229562E+05  0.000000E+00
 9.600000E+02  1.228736E+05  1.228736E+05  0.000000E+00
 9.610000E+02  1.229996E+05  1.229996E+05  0.000000E+00
 9.620000E+02  1.231138E+05  1.231138E+05  0.000000E+00
 9.630000E+02  1.231591E+05  1.231591E+05  0.000000E+00
 9.640000E+02  1.231678E+05  1.231678E+05  0.000000E+00
 9.650000E+02  1.231073E+05  1.231073E+05  0.000000E+00
 9.660000E+02  1.231014E+05  1.231014E+05  0.000000E+00
 9.670000E+02  1.231225E+05  1.231225E+05  0.000000E+00
 9.680000E+02  1.231051E+05  1.231051E+05  0.000000E+00
 9.690000E+02  1.231457E+05  1.231457E+05  0.000000E+00
 9.700000E+02  1.231383E+05  1.231383E+05  0.000000E+00
 9.710000E+02  1.231542E+05  1.231542E+05  0.000000E+00
 9.720000E+02  1.231333E+05  1.231333E+05  0.000000E+00
 9.730000E+02  1.231640E+05  1.231640E+05  0.000000E+00
 9.740000E+02  1.231506E+05  1.231506E+05  0.000000E+00
 9.750000E+02  1.231122E+05  1.231122E+05  0.000000E+00
 9.760000E+02  1.230664E+05  1.230664E+05  0.000000E+00
 9.770000E+02  1.229476E+05  1.229476E+05  0.000000E+00
 9.780000E+02  1.229436E+05  1.229436E+05  0.000000E+00
 9.790000E+02  1.229413E+05  1.229413E+05  0.000000E+00
 9.800000E+02  1.229726E+05  1.229726E+05  0.000000E+00
 9.810000E+02  1.230776E+05  1.230776E+05  0.000000E+00
 9.820000E+02  1.230773E+05  1.230773E+05  0.000000E+00
 9.830000E+02  1.230150E+05  1.230150E+05  0.000000E+00
 9.840000E+02  1.229784E+05  1.229784E+05  0.000000E+00
 9.850000E+02  1.229214E+05  1.229214E+05  0.000000E+00
 9.860000E+02  1.229809E+05  1.229809E+05  0.000000E+00
 9.870000E+02  1.229187E+05  1.229187E+05  0.000000E+00
 9.880000E+02  1.228975E+05  1.228975E+05  0.000000E+00
 9.890000E+02  1.229077E+05  1.229077E+05  0.000000E+00
 9.900000E+02  1.229749E+05  1.229749E+05  0.000000E+00
 9.910000E+02  1.230091E+05  1.230091E+05  0.000000E+00
 9.920000E+02  1.230661E+05  1.230661E+05  0.000000E+00
 9.930000E+02  1.230888E+05  1.230888E+05  0.000000E+00
 9.940000E+02  1.231356E+05  1.231356E+05  0.000000E+00
 9.950000E+02  1.231465E+05  1.231465E+05  0.000000E+00
 9.960000E+02  1.229908E+05  1.229908E+05  0.000000E+00
 9.970000E+02  1.230079E+05  1.230079E+05  0.000000E+00
 9.980000E+02  1.230916E+05  1.230916E+05  0.000000E+00
 9.990000E+02  1.230943E+05  1.230943E+05  0.000000E+00
 1.000000E+03  1.230449E+05  1.230449E+05  0.000000E+00
